              precision    recall  f1-score   support

           0     0.7680    0.3582    0.4886       388
           1     0.3383    0.4130    0.3719       276
           2     0.3563    0.4886    0.4121       307
           3     0.7224    0.4426    0.5489       488
           4     0.4582    0.6587    0.5404       624
           5     0.5886    0.3879    0.4677       531
           6     0.4843    0.5934    0.5333       573

    accuracy                         0.4945      3187
   macro avg     0.5309    0.4775    0.4804      3187
weighted avg     0.5426    0.4945    0.4951      3187
