              precision    recall  f1-score   support

           0     0.5214    0.6115    0.5629       399
           1     0.3932    0.4753    0.4303       364
           2     0.3976    0.4631    0.4278       352
           3     0.7115    0.6486    0.6786       498
           4     0.5876    0.5416    0.5637       613
           5     0.5208    0.5308    0.5257       520
           6     0.6433    0.5118    0.5701       592

    accuracy                         0.5434      3338
   macro avg     0.5393    0.5404    0.5370      3338
weighted avg     0.5564    0.5434    0.5471      3338
